#time redshift x  y z
4.4781 1.4436 29028.2823 28608.4126 29631.9087 
4.4835 1.4415 29053.0650 28632.3910 29657.3645 
4.4888 1.4394 29077.8997 28656.4009 29682.8321 
4.4942 1.4374 29102.7703 28680.4154 29708.3174 
4.4996 1.4353 29127.6841 28704.4558 29733.8122 
4.5050 1.4333 29152.5702 28728.4520 29759.2909 
4.5104 1.4312 29177.4899 28752.4628 29784.7563 
4.5157 1.4292 29202.4014 28776.4199 29810.1612 
4.5211 1.4272 29228.5102 28800.4207 29836.0968 
4.5265 1.4252 29253.3543 28824.4337 29861.5520 
4.5319 1.4231 29278.3830 28848.4785 29887.0664 
4.5373 1.4211 29303.4974 28872.5293 29912.6084 
4.5426 1.4191 29328.6418 28896.5892 29938.1744 
4.5480 1.4171 29353.8267 28920.6194 29963.7401 
4.5534 1.4151 29378.9948 28944.5675 29989.2624 
4.5588 1.4131 29405.2400 28968.7909 30015.2180 
4.5642 1.4111 29430.4687 28992.7461 30040.7980 
4.5695 1.4091 29455.9586 29016.6484 30066.4853 
4.5749 1.4071 29481.6016 29040.4295 30092.2413 
4.5803 1.4051 29507.2309 29064.1587 30118.0230 
4.5857 1.4031 29532.9252 29087.6199 30143.8211 
4.5911 1.4011 29559.4171 29110.9659 30170.2000 
4.5964 1.3991 29584.8857 29134.0620 30195.9564 
4.6018 1.3971 29610.4194 29156.9760 30221.7512 
4.6072 1.3952 29635.8936 29179.7586 30247.5277 
4.6126 1.3932 29661.2654 29202.4610 30273.2588 
4.6180 1.3912 29686.5307 29225.1195 30298.9522 
4.6234 1.3893 29711.6769 29247.7513 30324.5970 
4.6287 1.3873 29736.7138 29270.3261 30350.1926 
4.6341 1.3854 29761.6623 29292.8280 30375.7409 
4.6395 1.3834 29786.4998 29315.2033 30401.2299 
4.6449 1.3815 29811.3085 29337.6607 30426.7190 
4.6503 1.3795 29835.7839 29359.9272 30452.0285 
4.6556 1.3776 29861.9864 29384.0131 30478.3344 
4.6610 1.3756 29886.7514 29406.4959 30503.8023 
4.6664 1.3737 29911.4340 29429.0580 30529.2362 
4.6718 1.3718 29936.0781 29451.6711 30554.6657 
4.6772 1.3699 29960.7026 29474.2364 30580.0893 
4.6825 1.3679 29985.2896 29496.8505 30605.5082 
4.6879 1.3660 30009.8470 29519.4330 30630.9040 
4.6933 1.3641 30034.3171 29542.0139 30656.2554 
4.6987 1.3622 30058.8077 29564.5684 30681.6262 
4.7041 1.3603 30083.2408 29587.1742 30706.9484 
4.7094 1.3584 30107.6633 29609.6872 30732.2831 
4.7148 1.3565 30132.0187 29632.3622 30757.5606 
4.7202 1.3546 30156.3790 29654.9369 30782.8380 
4.7256 1.3527 30180.6193 29677.5201 30808.0637 
4.7310 1.3508 30204.9485 29700.1326 30833.3243 
4.7363 1.3489 30229.1946 29722.7343 30858.5426 
4.7417 1.3470 30253.4583 29745.3435 30883.7553 
4.7471 1.3451 30277.6780 29767.9398 30908.9693 
4.7525 1.3433 30301.8783 29790.5604 30934.1536 
4.7579 1.3414 30326.0860 29813.1552 30959.3339 
4.7632 1.3395 30350.1597 29835.8513 30984.4710 
4.7686 1.3376 30374.3087 29858.4634 31009.6305 
4.7740 1.3358 30398.4774 29881.0705 31034.7955 
4.7794 1.3339 30422.5542 29903.7444 31059.9120 
4.7848 1.3321 30446.4987 29926.5137 31084.9680 
4.7902 1.3302 30470.5343 29949.1956 31110.0603 
4.7955 1.3284 30494.5432 29971.9161 31135.1393 
4.8009 1.3265 30518.5511 29994.6015 31160.2252 
4.8063 1.3247 30542.5236 30017.3242 31185.2606 
4.8117 1.3228 30566.4416 30040.0780 31210.2930 
4.8171 1.3210 30590.4579 30062.6513 31235.3703 
4.8224 1.3192 30614.4506 30085.3340 31260.4388 
4.8278 1.3173 30638.3907 30108.0410 31285.4656 
4.8332 1.3155 30662.3323 30130.7466 31310.5060 
4.8386 1.3137 30686.1619 30153.4891 31335.4932 
4.8440 1.3119 30710.0301 30176.1740 31360.4984 
4.8493 1.3100 30733.9020 30198.8290 31385.4938 
4.8547 1.3082 30757.7320 30221.5256 31410.4618 
4.8601 1.3064 30781.6186 30244.1810 31435.4475 
4.8655 1.3046 30805.4664 30266.9058 31460.4042 
4.8709 1.3028 30829.3172 30289.5697 31485.3664 
4.8762 1.3010 30853.1117 30312.2550 31510.3241 
4.8816 1.2992 30876.7538 30335.1390 31535.1935 
4.8870 1.2974 30900.5592 30357.8409 31560.1338 
4.8924 1.2956 30924.2568 30380.6596 31585.0034 
4.8978 1.2938 30947.9549 30403.4363 31609.8952 
4.9031 1.2920 30971.5958 30426.2287 31634.7765 
4.9085 1.2903 30995.3137 30449.0053 31659.6821 
4.9139 1.2885 31018.8001 30472.0652 31684.4511 
4.9193 1.2867 31042.4055 30494.9490 31709.3034 
4.9247 1.2849 31066.0158 30517.8203 31734.1314 
4.9300 1.2832 31089.6996 30540.6159 31758.9907 
4.9354 1.2814 31113.2659 30563.5875 31783.7819 
4.9408 1.2796 31136.9063 30586.5527 31808.5863 
4.9462 1.2779 31160.5368 30609.3997 31833.4172 
4.9516 1.2761 31184.1185 30632.4228 31858.1982 
4.9569 1.2743 31207.6469 30655.5995 31882.9027 
4.9623 1.2726 31231.3134 30678.6223 31907.6847 
4.9677 1.2708 31254.8827 30702.1654 31932.3103 
4.9731 1.2691 31272.8853 30725.8818 31955.1173 
4.9785 1.2674 31297.1236 30748.2373 31980.2419 
4.9839 1.2656 31320.9320 30770.9094 32005.1739 
4.9892 1.2639 31344.7623 30793.4794 32030.1195 
4.9946 1.2621 31368.4441 30816.1874 32054.9974 
5.0000 1.2604 31392.0186 30839.0291 32079.8117 
5.0054 1.2587 31415.8101 30861.3629 32104.7562 
5.0108 1.2570 31439.3598 30884.1031 32129.5358 
5.0161 1.2552 31462.9519 30906.8918 32154.3249 
5.0215 1.2535 31486.4420 30929.8303 32179.0468 
5.0269 1.2518 31509.9559 30952.6539 32203.7757 
5.0323 1.2501 31533.3881 30975.5646 32228.4719 
5.0377 1.2484 31556.9465 30998.2607 32253.2519 
5.0430 1.2467 31580.4127 31021.2000 32277.9445 
5.0484 1.2450 31603.8288 31044.0877 32302.6267 
5.0538 1.2433 31627.2720 31066.9716 32327.2956 
5.0592 1.2416 31650.6512 31089.8881 32351.9547 
5.0646 1.2399 31674.0654 31112.7698 32376.6323 
5.0699 1.2382 31697.4600 31135.7207 32401.2624 
5.0753 1.2365 31720.7614 31158.8216 32425.8417 
5.0807 1.2348 31744.0499 31181.8697 32450.4257 
5.0861 1.2331 31767.4569 31204.8059 32475.0612 
5.0915 1.2314 31790.7507 31227.9216 32499.6310 
5.0968 1.2297 31814.1107 31250.6920 32524.2889 
5.1022 1.2281 31837.4342 31273.7683 32548.8708 
5.1076 1.2264 31860.6795 31296.9805 32573.4082 
5.1130 1.2247 31883.8983 31320.1921 32597.9297 
5.1184 1.2231 31907.2215 31343.0240 32622.5865 
5.1237 1.2214 31930.4585 31366.1387 32647.1348 
5.1291 1.2197 31953.7155 31389.3915 32671.6400 
5.1345 1.2181 31976.9031 31412.7733 32696.1103 
5.1399 1.2164 32000.1003 31436.1795 32720.5624 
5.1453 1.2148 32023.3151 31459.4672 32745.0429 
5.1506 1.2131 32046.5486 31482.9163 32769.5314 
5.1560 1.2115 32069.7438 31506.3216 32794.0199 
5.1614 1.2098 32093.0234 31529.7802 32818.4880 
5.1668 1.2082 32116.2164 31553.1112 32842.9950 
5.1722 1.2065 32139.6089 31576.4705 32867.4973 
5.1776 1.2049 32162.9436 31599.8992 32891.9986 
5.1829 1.2032 32186.1737 31623.4745 32916.4645 
5.1883 1.2016 32209.3830 31647.2186 32940.9032 
5.1937 1.2000 32232.4575 31671.1278 32965.2468 
5.1991 1.1984 32255.6309 31695.0140 32989.5350 
5.2045 1.1967 32278.7787 31718.8848 33013.9103 
5.2098 1.1951 32302.2041 31742.5813 33038.3773 
5.2152 1.1935 32325.6072 31766.4741 33062.8634 
5.2206 1.1919 32349.2260 31790.3798 33087.3247 
5.2260 1.1903 32372.9491 31814.4487 33111.8351 
5.2314 1.1886 32396.7029 31838.6143 33136.3126 
5.2367 1.1870 32420.5920 31862.8216 33160.8450 
5.2421 1.1854 32444.8716 31886.4941 33185.5704 
5.2475 1.1838 32468.9154 31910.3659 33210.1984 
5.2529 1.1822 32493.1042 31934.0162 33234.8844 
5.2583 1.1806 32517.6858 31956.2244 33259.9386 
5.2636 1.1790 32543.9386 31983.4288 33284.9711 
5.2690 1.1774 32567.9747 32007.2676 33309.4841 
5.2744 1.1758 32591.9852 32031.0332 33334.1260 
5.2798 1.1743 32616.2524 32054.3863 33358.8915 
5.2852 1.1727 32640.4654 32077.8022 33383.5878 
5.2905 1.1711 32664.6059 32101.3794 33408.2494 
5.2959 1.1695 32688.8887 32124.5261 33433.0663 
5.3013 1.1679 32713.1831 32147.5941 33457.9053 
5.3067 1.1664 32737.3468 32170.6910 33482.6548 
5.3121 1.1648 32761.7343 32192.8479 33507.6774 
5.3174 1.1632 32786.0124 32214.7612 33532.6845 
5.3228 1.1616 32812.7481 32240.5646 33557.9378 
5.3282 1.1601 32836.5814 32263.8369 33582.4650 
5.3336 1.1585 32860.6875 32286.6357 33607.3006 
5.3390 1.1570 32884.6687 32309.6190 33631.9820 
5.3444 1.1554 32908.6657 32332.6185 33656.6331 
5.3497 1.1538 32932.6263 32355.7597 33681.2361 
5.3551 1.1523 32956.6638 32378.6147 33706.0111 
5.3605 1.1507 32980.6527 32401.5398 33730.7054 
5.3659 1.1492 33004.6180 32424.3868 33755.4833 
5.3713 1.1476 33028.6045 32447.2076 33780.2237 
5.3766 1.1461 33052.5530 32470.0340 33804.9021 
5.3820 1.1446 33076.5329 32492.7595 33829.5869 
5.3874 1.1430 33100.7025 32515.0789 33854.4471 
5.3928 1.1415 33124.6428 32537.9293 33879.0611 
5.3982 1.1399 33148.5403 32560.7581 33903.6938 
5.4035 1.1384 33172.4878 32583.2929 33928.3707 
5.4089 1.1369 33196.3717 32605.8647 33953.0702 
5.4143 1.1354 33220.4101 32628.5760 33977.6907 
5.4197 1.1338 33244.1649 32651.3459 34002.2968 
5.4251 1.1323 33267.9371 32674.0601 34026.9335 
5.4304 1.1308 33291.8242 32696.5486 34051.6298 
5.4358 1.1293 33315.7225 32718.9207 34076.3531 
5.4412 1.1278 33339.5903 32741.4993 34101.0316 
5.4466 1.1263 33363.4826 32764.0380 34125.7186 
5.4520 1.1247 33387.2312 32786.9800 34150.1381 
5.4573 1.1232 33411.0149 32809.6005 34174.7421 
5.4627 1.1217 33434.8196 32832.1666 34199.3533 
5.4681 1.1202 33458.6259 32854.7429 34223.9513 
5.4735 1.1187 33482.3940 32877.3673 34248.5052 
5.4789 1.1172 33506.2243 32899.9257 34272.9749 
5.4842 1.1157 33529.9130 32922.6251 34297.5288 
5.4896 1.1142 33553.6284 32945.0167 34322.1508 
5.4950 1.1127 33577.3815 32967.4503 34346.7437 
5.5004 1.1113 33601.1495 32989.7823 34371.3232 
5.5058 1.1098 33624.9304 33012.2545 34395.8131 
5.5111 1.1083 33648.6745 33034.7195 34420.3102 
5.5165 1.1068 33672.3793 33057.2004 34444.8397 
5.5219 1.1053 33696.0218 33079.7416 34469.3434 
5.5273 1.1038 33719.8355 33101.9119 34494.0161 
5.5327 1.1024 33743.5420 33124.2288 34518.6203 
5.5381 1.1009 33766.9992 33147.0318 34543.0121 
5.5434 1.0994 33790.6747 33169.3395 34567.5667 
5.5488 1.0980 33814.2588 33191.7518 34592.0168 
5.5542 1.0965 33837.9237 33214.0818 34616.5198 
5.5596 1.0950 33861.5013 33236.3378 34641.0544 
5.5650 1.0936 33885.1218 33258.5867 34665.6047 
5.5703 1.0921 33908.6287 33280.7166 34690.1032 
5.5757 1.0907 33932.1736 33302.7979 34714.4741 
5.5811 1.0892 33955.6981 33324.7582 34739.0516 
5.5865 1.0877 33979.1921 33346.7565 34763.6226 
5.5919 1.0863 34002.6061 33368.8854 34788.0904 
5.5972 1.0848 34026.0325 33391.0271 34812.5550 
5.6026 1.0834 34049.5274 33413.0737 34836.9836 
5.6080 1.0820 34072.9156 33435.1773 34861.3823 
5.6134 1.0805 34096.2030 33457.1870 34885.9328 
5.6188 1.0791 34119.5298 33479.3416 34910.3656 
5.6241 1.0776 34142.9645 33501.5250 34934.6126 
5.6295 1.0762 34166.2920 33523.6151 34959.0723 
5.6349 1.0748 34189.7149 33545.8004 34983.4178 
5.6403 1.0733 34213.2267 33568.4572 35007.8769 
5.6457 1.0719 34233.6911 33586.4850 35033.0168 
5.6510 1.0705 34257.0822 33608.6005 35057.3842 
5.6564 1.0691 34280.3358 33631.0439 35081.6027 
5.6618 1.0676 34303.6493 33653.2032 35105.8820 
5.6672 1.0662 34326.9553 33675.0879 35130.3510 
5.6726 1.0648 34350.0841 33697.1531 35154.5950 
5.6779 1.0634 34373.1950 33719.1464 35178.9975 
5.6833 1.0620 34396.3056 33741.0172 35203.3722 
5.6887 1.0605 34419.4270 33763.2306 35227.4356 
5.6941 1.0591 34442.5053 33785.0934 35251.7883 
5.6995 1.0577 34465.7686 33806.9831 35276.0011 
5.7048 1.0563 34488.7754 33828.8536 35300.3369 
5.7102 1.0549 34511.8289 33850.7132 35324.6610 
5.7156 1.0535 34534.8438 33872.5708 35348.9718 
5.7210 1.0521 34557.6518 33894.6253 35373.1625 
5.7264 1.0507 34580.6961 33916.1923 35397.5390 
5.7318 1.0493 34596.4060 33939.2454 35421.6036 
5.7371 1.0479 34620.9946 33960.8047 35445.8082 
5.7425 1.0465 34644.2739 33982.5908 35470.2214 
5.7479 1.0451 34667.1703 34004.6194 35494.4319 
5.7533 1.0438 34689.7710 34026.6330 35518.7146 
5.7587 1.0424 34712.6581 34048.6889 35542.8925 
5.7640 1.0410 34735.4658 34070.5411 35567.1737 
5.7694 1.0396 34758.3786 34092.1670 35591.4905 
5.7748 1.0382 34780.9890 34114.1519 35615.7418 
5.7802 1.0369 34803.4969 34136.4250 35640.0529 
5.7856 1.0355 34822.3809 34157.0819 35662.9895 
5.7909 1.0341 34845.3570 34178.7122 35687.3502 
5.7963 1.0327 34867.8077 34200.8902 35711.6190 
5.8017 1.0314 34890.2698 34222.9849 35735.8236 
5.8071 1.0300 34912.7173 34244.9516 35760.0146 
5.8125 1.0286 34935.0098 34267.1345 35784.3043 
5.8178 1.0273 34955.7177 34283.1555 35808.1265 
5.8232 1.0259 34977.9647 34305.7920 35832.3937 
5.8286 1.0245 35000.1095 34328.7293 35856.6515 
5.8340 1.0232 35022.4226 34351.4347 35880.9576 
5.8394 1.0218 35044.7557 34374.2894 35905.2152 
5.8447 1.0205 35067.1520 34396.6404 35929.6664 
5.8501 1.0191 35089.6841 34419.3934 35953.9574 
5.8555 1.0178 35112.3757 34441.8500 35978.3037 
5.8609 1.0164 35138.8612 34469.6996 36003.3225 
5.8663 1.0151 35160.7458 34492.4632 36027.3708 
5.8716 1.0137 35183.4994 34514.8799 36051.5987 
5.8770 1.0124 35206.1133 34537.4453 36075.8927 
5.8824 1.0111 35229.1985 34559.3914 36100.3284 
5.8878 1.0097 35252.0973 34581.9890 36124.6338 
5.8932 1.0084 35274.9881 34604.4930 36148.9816 
5.8986 1.0071 35297.8947 34626.9965 36173.2937 
5.9039 1.0057 35320.7226 34649.6457 36197.6113 
5.9093 1.0044 35343.4077 34672.1625 36221.9417 
5.9147 1.0031 35366.2846 34694.4746 36246.3643 
5.9201 1.0017 35389.3704 34716.4356 36270.8463 
5.9255 1.0004 35412.3228 34738.4603 36295.2459 
5.9308 0.9991 35435.5468 34760.2284 36319.6795 
5.9362 0.9978 35458.8704 34781.6117 36344.0829 
5.9416 0.9964 35486.7165 34811.5261 36367.8232 
5.9470 0.9951 35509.5364 34834.0316 36392.1219 
5.9524 0.9938 35532.2193 34856.6318 36416.3150 
5.9577 0.9925 35555.2015 34878.4872 36440.7190 
5.9631 0.9912 35578.2472 34900.5334 36465.0752 
5.9685 0.9899 35601.3464 34922.6928 36489.3832 
5.9739 0.9886 35623.9931 34945.2721 36513.6611 
5.9793 0.9873 35646.7720 34967.4069 36537.9681 
5.9846 0.9860 35669.6583 34989.8249 36562.2553 
5.9900 0.9847 35692.9359 35011.7427 36586.5701 
5.9954 0.9834 35716.1104 35033.7046 36610.9802 
6.0008 0.9821 35739.3967 35055.5913 36635.2465 
6.0062 0.9808 35762.9071 35077.2199 36659.6316 
6.0115 0.9795 35786.3337 35098.6513 36683.8307 
6.0169 0.9782 35813.8053 35125.2191 36709.6899 
6.0223 0.9769 35835.9748 35148.2064 36733.8458 
6.0277 0.9756 35859.1444 35170.4955 36758.1105 
6.0331 0.9743 35882.0977 35192.7254 36782.3236 
6.0384 0.9730 35904.8760 35215.2370 36806.6068 
6.0438 0.9717 35928.1667 35237.3765 36830.8177 
6.0492 0.9704 35951.0562 35259.6223 36855.0516 
6.0546 0.9692 35974.1481 35281.9269 36879.3289 
6.0600 0.9679 35997.3694 35304.0280 36903.6174 
6.0653 0.9666 36020.4479 35326.2429 36927.8337 
6.0707 0.9653 36043.3937 35348.5456 36952.1632 
6.0761 0.9641 36066.1972 35370.9238 36976.3753 
6.0815 0.9628 36089.4210 35392.7841 37000.7339 
6.0869 0.9615 36112.5788 35414.9372 37025.0363 
6.0923 0.9602 36135.5702 35437.3391 37049.2591 
6.0976 0.9590 36159.0283 35458.7531 37073.3629 
6.1030 0.9577 36182.4452 35480.3066 37097.5110 
6.1084 0.9564 36206.5913 35500.0926 37121.6517 
6.1138 0.9552 36230.1879 35521.2009 37145.8185 
6.1192 0.9539 36253.2017 35542.3715 37170.0900 
6.1245 0.9527 36278.2496 35572.2259 37196.0696 
6.1299 0.9514 36301.0252 35594.5196 37220.3880 
6.1353 0.9502 36324.1249 35616.6469 37244.5579 
6.1407 0.9489 36346.9650 35638.8596 37268.8731 
6.1461 0.9477 36370.0934 35661.0535 37293.0473 
6.1514 0.9464 36392.9827 35683.3433 37317.3577 
6.1568 0.9452 36416.2236 35705.4214 37341.5100 
6.1622 0.9439 36439.3916 35727.5395 37365.7596 
6.1676 0.9427 36462.8833 35749.1659 37390.0741 
6.1730 0.9414 36485.5420 35771.8883 37414.2791 
6.1783 0.9402 36508.9025 35793.7110 37438.5763 
6.1837 0.9389 36531.8987 35815.8272 37462.8200 
6.1891 0.9377 36555.0705 35837.9370 37487.0776 
6.1945 0.9365 36578.6017 35859.5055 37511.4398 
6.1999 0.9352 36601.8243 35881.3924 37535.5870 
6.2052 0.9340 36625.1801 35903.0230 37559.8157 
6.2106 0.9328 36648.3963 35924.7844 37584.0088 
6.2160 0.9315 36671.9534 35946.3087 37608.2376 
6.2214 0.9303 36695.2240 35967.8160 37632.4491 
6.2268 0.9291 36718.5752 35989.3499 37656.7544 
6.2321 0.9279 36741.9562 36010.7104 37680.9282 
6.2375 0.9266 36764.8310 36032.3641 37705.1972 
6.2429 0.9254 36788.2429 36053.9490 37729.4126 
6.2483 0.9242 36811.6135 36075.4519 37753.6484 
6.2537 0.9230 36835.1110 36096.8486 37777.9191 
6.2591 0.9218 36857.9727 36118.7543 37802.1044 
6.2644 0.9205 36881.3865 36140.2936 37826.2084 
6.2698 0.9193 36904.7166 36161.8905 37850.4610 
6.2752 0.9181 36928.2447 36182.8817 37874.6732 
6.2806 0.9169 36951.4511 36204.1670 37898.7500 
6.2860 0.9157 36974.7487 36225.6246 37922.8231 
6.2913 0.9145 36998.0753 36246.8366 37947.0495 
6.2967 0.9133 37021.3726 36268.3092 37971.1408 
6.3021 0.9121 37044.5290 36289.6367 37995.2988 
6.3075 0.9109 37067.8050 36310.6605 38019.5882 
6.3129 0.9097 37091.0608 36331.4561 38043.7151 
6.3182 0.9085 37114.1584 36352.3205 38067.9154 
6.3236 0.9073 37136.8999 36373.3214 38092.0951 
6.3290 0.9061 37159.4685 36394.7275 38116.2050 
6.3344 0.9049 37178.7409 36410.0469 38138.7756 
6.3398 0.9037 37201.7065 36431.4920 38162.8275 
6.3451 0.9025 37224.5194 36453.0217 38186.9175 
6.3505 0.9013 37247.4014 36474.7301 38210.9243 
6.3559 0.9001 37270.1418 36496.4258 38234.9780 
6.3613 0.8989 37292.9140 36517.8434 38259.0415 
6.3667 0.8978 37315.6501 36539.2417 38283.2222 
6.3720 0.8966 37338.3070 36561.3513 38307.2968 
6.3774 0.8954 37361.4123 36583.5241 38331.3068 
6.3828 0.8942 37385.0486 36605.9196 38355.4590 
6.3882 0.8930 37408.2212 36627.4768 38379.5779 
6.3936 0.8919 37433.2657 36661.4951 38406.0216 
6.3989 0.8907 37456.3591 36683.3576 38430.2031 
6.4043 0.8895 37479.4213 36705.3296 38454.1784 
6.4097 0.8883 37501.9476 36727.6313 38478.2719 
6.4151 0.8872 37525.0843 36749.4591 38502.3730 
6.4205 0.8860 37548.0966 36771.2574 38526.4192 
6.4258 0.8848 37570.9433 36793.5200 38550.6048 
6.4312 0.8837 37594.4126 36800.6048 38572.9062 
6.4366 0.8825 37617.3175 36822.2735 38597.0640 
6.4420 0.8813 37640.9154 36843.6613 38621.1283 
6.4474 0.8802 37664.1103 36865.3990 38645.1140 
6.4528 0.8790 37687.1050 36887.2701 38669.1755 
6.4581 0.8779 37709.8010 36909.3862 38693.3030 
6.4635 0.8767 37732.7609 36931.3242 38717.2844 
6.4689 0.8755 37755.5407 36953.6303 38741.4026 
6.4743 0.8744 37778.5472 36975.9169 38765.5622 
6.4797 0.8732 37801.6564 36997.9423 38789.6750 
6.4850 0.8721 37824.7040 37019.8072 38813.7429 
6.4904 0.8709 37847.9228 37041.5237 38837.8940 
6.4958 0.8698 37870.9963 37063.3003 38861.8597 
6.5012 0.8686 37893.6668 37085.3689 38885.9506 
6.5066 0.8675 37916.6917 37107.3652 38909.9721 
6.5119 0.8663 37940.0543 37128.8618 38934.1581 
6.5173 0.8652 37962.7190 37151.1683 38958.1838 
6.5227 0.8641 37985.5937 37173.2351 38982.1915 
6.5281 0.8629 38008.5674 37195.1398 39006.3960 
6.5335 0.8618 38032.0802 37216.6740 39030.2886 
6.5388 0.8606 38055.2004 37238.2890 39054.4245 
6.5442 0.8595 38078.3985 37260.2426 39078.5872 
6.5496 0.8584 38101.2801 37282.0376 39102.7648 
6.5550 0.8572 38124.2066 37304.0159 39126.8266 
6.5604 0.8561 38147.3819 37325.9003 39150.7807 
6.5657 0.8550 38170.7337 37347.6185 39174.8199 
6.5711 0.8539 38193.7815 37369.5963 39198.8536 
6.5765 0.8527 38216.9061 37391.5647 39223.0505 
6.5819 0.8516 38239.9866 37413.5687 39247.1224 
6.5873 0.8505 38263.1288 37435.3109 39271.3637 
6.5926 0.8494 38286.3239 37457.2587 39295.4284 
6.5980 0.8482 38309.6662 37478.9629 39319.3909 
6.6034 0.8471 38332.6162 37500.8499 39343.5481 
6.6088 0.8460 38355.9744 37522.6492 39367.5856 
6.6142 0.8449 38381.8392 37556.5553 39393.7551 
6.6195 0.8438 38404.7011 37578.5070 39417.7960 
6.6249 0.8426 38427.2308 37600.7375 39441.8567 
