#time redshift x  y z
4.4781 1.4436 29018.6782 28619.1343 29602.9755 
4.4835 1.4415 29042.5112 28642.5162 29628.2373 
4.4888 1.4394 29066.3596 28665.8921 29653.4950 
4.4942 1.4374 29090.1969 28689.2668 29678.7407 
4.4996 1.4353 29114.0593 28712.6406 29704.0089 
4.5050 1.4333 29137.9378 28736.0049 29729.2751 
4.5104 1.4312 29161.8138 28759.3558 29754.5412 
4.5157 1.4292 29185.6803 28782.7038 29779.7987 
4.5211 1.4272 29209.5614 28806.0487 29805.0551 
4.5265 1.4252 29233.4340 28829.3894 29830.3134 
4.5319 1.4231 29257.2916 28852.7127 29855.5830 
4.5373 1.4211 29281.1742 28876.0377 29880.8371 
4.5426 1.4191 29305.0607 28899.3583 29906.0946 
4.5480 1.4171 29328.9514 28922.6717 29931.3479 
4.5534 1.4151 29352.8411 28945.9694 29956.6076 
4.5588 1.4131 29376.7210 28969.2576 29981.8551 
4.5642 1.4111 29400.6027 28992.5522 30007.1153 
4.5695 1.4091 29424.5111 29015.8382 30032.3585 
4.5749 1.4071 29448.4037 29039.1210 30057.5844 
4.5803 1.4051 29472.2956 29062.3852 30082.8411 
4.5857 1.4031 29496.1788 29085.6289 30108.0827 
4.5911 1.4011 29520.0766 29108.8712 30133.3285 
4.5964 1.3991 29543.9346 29132.1077 30158.5196 
4.6018 1.3971 29567.6199 29155.2487 30183.5894 
4.6072 1.3952 29592.2694 29178.8259 30209.6897 
4.6126 1.3932 29616.1255 29202.0221 30234.9527 
4.6180 1.3912 29640.0333 29225.2346 30260.2045 
4.6234 1.3893 29663.9453 29248.4271 30285.4778 
4.6287 1.3873 29687.8376 29271.6095 30310.7535 
4.6341 1.3854 29711.7707 29294.8013 30336.0520 
4.6395 1.3834 29735.6941 29317.9948 30361.3311 
4.6449 1.3815 29759.5965 29341.1928 30386.6176 
4.6503 1.3795 29783.5017 29364.3841 30411.9037 
4.6556 1.3776 29807.4372 29387.5632 30437.1937 
4.6610 1.3756 29831.3718 29410.7630 30462.4589 
4.6664 1.3737 29855.2976 29433.9346 30487.7367 
4.6718 1.3718 29879.2201 29457.1184 30513.0323 
4.6772 1.3699 29903.1521 29480.2844 30538.3288 
4.6825 1.3679 29927.0934 29503.4582 30563.6247 
4.6879 1.3660 29951.0352 29526.6139 30588.9074 
4.6933 1.3641 29974.9541 29549.7585 30614.1536 
4.6987 1.3622 29998.8821 29572.9014 30639.4309 
4.7041 1.3603 30022.7551 29596.0269 30664.6639 
4.7094 1.3584 30046.6563 29619.1249 30689.9158 
4.7148 1.3565 30070.5571 29642.2543 30715.1495 
4.7202 1.3546 30094.4215 29665.3520 30740.3727 
4.7256 1.3527 30119.0391 29688.7226 30766.2882 
4.7310 1.3508 30142.9015 29711.7792 30791.4674 
4.7363 1.3489 30166.8166 29734.8445 30816.7325 
4.7417 1.3470 30190.7585 29757.9336 30841.9616 
4.7471 1.3451 30214.7326 29781.0409 30867.2318 
4.7525 1.3433 30238.6989 29804.1383 30892.5005 
4.7579 1.3414 30262.6591 29827.2153 30917.7608 
4.7632 1.3395 30286.6388 29850.3008 30943.0196 
4.7686 1.3376 30310.6134 29873.3612 30968.2904 
4.7740 1.3358 30334.5929 29896.4367 30993.5906 
4.7794 1.3339 30358.5737 29919.5040 31018.8723 
4.7848 1.3321 30382.5727 29942.5728 31044.1581 
4.7902 1.3302 30406.5669 29965.6095 31069.4233 
4.7955 1.3284 30430.5693 29988.6455 31094.7021 
4.8009 1.3265 30454.5618 30011.6817 31119.9619 
4.8063 1.3247 30478.5553 30034.7182 31145.2178 
4.8117 1.3228 30502.5497 30057.7404 31170.4990 
4.8171 1.3210 30526.5326 30080.7631 31195.7554 
4.8224 1.3192 30550.4741 30103.7516 31220.9703 
4.8278 1.3173 30575.0582 30126.9319 31246.8332 
4.8332 1.3155 30598.9961 30149.8949 31272.0000 
4.8386 1.3137 30622.9883 30172.8828 31297.2415 
4.8440 1.3119 30646.9978 30195.8660 31322.5115 
4.8493 1.3100 30671.0299 30218.8569 31347.7728 
4.8547 1.3082 30695.0628 30241.8456 31373.0383 
4.8601 1.3064 30719.0944 30264.8337 31398.3089 
4.8655 1.3046 30743.1329 30287.8114 31423.5757 
4.8709 1.3028 30767.1784 30310.7908 31448.8490 
4.8762 1.3010 30791.2304 30333.7782 31474.1029 
4.8816 1.2992 30815.2891 30356.7528 31499.3726 
4.8870 1.2974 30839.3444 30379.7259 31524.6583 
4.8924 1.2956 30863.4006 30402.6830 31549.9356 
4.8978 1.2938 30887.4504 30425.6405 31575.1875 
4.9031 1.2920 30911.5042 30448.5824 31600.4467 
4.9085 1.2903 30935.5370 30471.4968 31625.7003 
4.9139 1.2885 30959.5033 30494.3458 31650.8469 
4.9193 1.2867 30984.1678 30517.5284 31676.7360 
4.9247 1.2849 31008.2663 30540.4126 31702.0074 
4.9300 1.2832 31032.3800 30563.3305 31727.2713 
4.9354 1.2814 31056.5177 30586.2414 31752.5732 
4.9408 1.2796 31080.6477 30609.1669 31777.8804 
4.9462 1.2779 31104.7879 30632.0938 31803.1917 
4.9516 1.2761 31128.9414 30655.0027 31828.5116 
4.9569 1.2743 31153.1101 30677.8951 31853.8139 
4.9623 1.2726 31177.2723 30700.7866 31879.1354 
4.9677 1.2708 31201.4298 30723.6923 31904.4490 
4.9731 1.2691 31225.5842 30746.5860 31929.7595 
4.9785 1.2674 31249.7167 30769.4579 31955.0221 
4.9839 1.2656 31273.8251 30792.2782 31980.2912 
4.9892 1.2639 31298.6068 30815.4502 32006.1706 
4.9946 1.2621 31322.6546 30838.2245 32031.3456 
5.0000 1.2604 31346.8331 30861.0469 32056.5986 
5.0054 1.2587 31371.0402 30883.9022 32081.9192 
5.0108 1.2570 31395.2835 30906.7592 32107.2683 
5.0161 1.2552 31419.5137 30929.6188 32132.6004 
5.0215 1.2535 31443.7852 30952.4830 32157.9318 
5.0269 1.2518 31468.0583 30975.3452 32183.2646 
5.0323 1.2501 31492.3163 30998.1946 32208.5886 
5.0377 1.2484 31516.6095 31021.0226 32233.9332 
5.0430 1.2467 31540.8834 31043.8068 32259.2611 
5.0484 1.2450 31565.1243 31066.5697 32284.5418 
5.0538 1.2433 31590.0457 31089.6661 32310.3516 
5.0592 1.2416 31614.2770 31112.4438 32335.5830 
5.0646 1.2399 31638.5873 31135.2329 32360.8974 
5.0699 1.2382 31662.9674 31158.0569 32386.2427 
5.0753 1.2365 31687.3610 31180.8801 32411.5969 
5.0807 1.2348 31711.7802 31203.7086 32436.9277 
5.0861 1.2331 31736.2068 31226.5320 32462.2691 
5.0915 1.2314 31760.6736 31249.3346 32487.6318 
5.0968 1.2297 31785.1392 31272.1345 32512.9629 
5.1022 1.2281 31809.6178 31294.9019 32538.2754 
5.1076 1.2264 31834.8137 31317.9275 32564.0480 
5.1130 1.2247 31859.2646 31340.6672 32589.2910 
5.1184 1.2231 31883.8299 31363.4606 32614.6449 
5.1237 1.2214 31908.4654 31386.2369 32640.0343 
5.1291 1.2197 31933.1264 31409.0292 32665.4164 
5.1345 1.2181 31957.8357 31431.8131 32690.7839 
5.1399 1.2164 31982.6022 31454.5929 32716.1617 
5.1453 1.2148 32007.3896 31477.3640 32741.5112 
5.1506 1.2131 32033.3446 31500.4329 32767.3903 
5.1560 1.2115 32057.7634 31523.1079 32792.5291 
5.1614 1.2098 32082.7273 31545.8917 32817.8664 
5.1668 1.2082 32107.8034 31568.7006 32843.1825 
5.1722 1.2065 32133.0065 31591.5151 32868.4679 
5.1776 1.2049 32158.3093 31614.3193 32893.6694 
5.1829 1.2032 32183.6797 31637.0921 32918.7426 
5.1883 1.2016 32210.1169 31660.1371 32943.6704 
5.1937 1.2000 32235.4640 31682.8624 32968.3126 
5.1991 1.1984 32260.9124 31705.6409 32992.7302 
5.2045 1.1967 32286.2864 31728.4393 33016.9475 
5.2098 1.1951 32311.4875 31751.2350 33041.0380 
5.2152 1.1935 32336.5810 31774.0496 33065.0512 
5.2206 1.1919 32361.5331 31796.8641 33089.0235 
5.2260 1.1903 32386.3899 31819.6722 33112.9563 
5.2314 1.1886 32411.1279 31842.4604 33136.8377 
5.2367 1.1870 32435.7672 31865.2566 33160.7278 
5.2421 1.1854 32460.2898 31888.0245 33184.6065 
5.2475 1.1838 32484.7452 31910.7561 33208.4728 
5.2529 1.1822 32509.1491 31933.4981 33232.3633 
5.2583 1.1806 32533.4867 31956.2354 33256.2506 
5.2636 1.1790 32557.7471 31978.9548 33280.1580 
5.2690 1.1774 32581.9740 32001.6756 33304.0681 
5.2744 1.1758 32606.1572 32024.3810 33327.9963 
5.2798 1.1743 32630.2947 32047.0734 33351.9411 
5.2852 1.1727 32654.3973 32069.7813 33375.8581 
5.2905 1.1711 32678.4592 32092.4811 33399.8143 
5.2959 1.1695 32702.4806 32115.1647 33423.7954 
5.3013 1.1679 32726.4554 32137.8554 33447.7450 
5.3067 1.1664 32750.4495 32160.5369 33471.7284 
5.3121 1.1648 32774.3413 32183.2117 33495.7314 
5.3174 1.1632 32798.2203 32205.8821 33519.7325 
5.3228 1.1616 32822.1069 32228.5589 33543.6997 
5.3282 1.1601 32845.9519 32251.2232 33567.6957 
5.3336 1.1585 32869.6863 32273.9088 33591.7426 
5.3390 1.1570 32893.4198 32296.5672 33615.7758 
5.3444 1.1554 32917.2012 32319.2417 33639.8045 
5.3497 1.1538 32940.9692 32341.8801 33663.8237 
5.3551 1.1523 32964.7011 32364.5503 33687.8290 
5.3605 1.1507 32988.4344 32387.1885 33711.8477 
5.3659 1.1492 33012.1101 32409.8316 33735.8784 
5.3713 1.1476 33035.7103 32432.4883 33759.9536 
5.3766 1.1461 33059.3462 32455.1227 33784.0078 
5.3820 1.1446 33082.9615 32477.7211 33808.0565 
5.3874 1.1430 33106.4989 32500.3129 33832.1614 
5.3928 1.1415 33130.1159 32522.9112 33856.2272 
5.3982 1.1399 33153.7471 32545.5234 33880.2714 
5.4035 1.1384 33177.3065 32568.1421 33904.3473 
5.4089 1.1369 33200.9334 32590.7265 33928.3765 
5.4143 1.1354 33224.4731 32613.3050 33952.4447 
5.4197 1.1338 33248.0220 32635.8761 33976.5428 
5.4251 1.1323 33271.5126 32658.4559 34000.6479 
5.4304 1.1308 33295.0138 32681.0448 34024.7792 
5.4358 1.1293 33318.5198 32703.6073 34048.8408 
5.4412 1.1278 33341.9653 32726.1859 34072.9557 
5.4466 1.1263 33365.4033 32748.7197 34097.1078 
5.4520 1.1247 33388.9438 32771.2665 34121.2152 
5.4573 1.1232 33412.2759 32793.8004 34145.3918 
5.4627 1.1217 33435.6517 32816.3227 34169.5675 
5.4681 1.1202 33459.0629 32838.8291 34193.7466 
5.4735 1.1187 33482.4919 32861.3389 34217.8864 
5.4789 1.1172 33505.7798 32883.8355 34242.1400 
5.4842 1.1157 33529.1217 32906.3566 34266.3116 
5.4896 1.1142 33552.4116 32928.8434 34290.5429 
5.4950 1.1127 33575.6896 32951.3407 34314.7442 
5.5004 1.1113 33599.0578 32973.8393 34338.9275 
5.5058 1.1098 33622.3744 32996.3290 34363.0985 
5.5111 1.1083 33645.6701 33018.8340 34387.3124 
5.5165 1.1068 33668.9450 33041.3510 34411.4493 
5.5219 1.1053 33692.1690 33063.8208 34435.7250 
5.5273 1.1038 33715.4083 33086.2767 34459.9943 
5.5327 1.1024 33738.7216 33108.7493 34484.2019 
5.5381 1.1009 33761.8884 33131.2537 34508.5150 
5.5434 1.0994 33785.0654 33153.7092 34532.8923 
5.5488 1.0980 33808.3238 33176.1923 34557.1846 
5.5542 1.0965 33831.6441 33198.6595 34581.5152 
5.5596 1.0950 33855.0981 33221.0590 34605.9364 
5.5650 1.0936 33874.5529 33242.6926 34631.0606 
5.5703 1.0921 33897.7276 33265.2567 34655.4553 
5.5757 1.0907 33920.9958 33287.7140 34679.7304 
5.5811 1.0892 33944.1804 33310.1522 34704.0794 
5.5865 1.0877 33967.2665 33332.5843 34728.5045 
5.5919 1.0863 33990.3926 33355.0258 34752.8676 
5.5972 1.0848 34013.5559 33377.4359 34777.1712 
5.6026 1.0834 34036.6113 33399.7886 34801.6171 
5.6080 1.0820 34059.7252 33422.1646 34826.0290 
5.6134 1.0805 34082.8987 33444.5550 34850.3388 
5.6188 1.0791 34105.9782 33466.9162 34874.7469 
5.6241 1.0776 34129.0248 33489.2763 34899.1782 
5.6295 1.0762 34152.1138 33511.6287 34923.6079 
5.6349 1.0748 34175.1371 33533.9823 34948.1061 
5.6403 1.0733 34198.1450 33556.3231 34972.5924 
5.6457 1.0719 34221.2531 33578.7269 34996.9264 
5.6510 1.0705 34244.4033 33601.0415 35021.3256 
5.6564 1.0691 34267.4839 33623.3727 35045.8100 
5.6618 1.0676 34290.5098 33645.6901 35070.3453 
5.6672 1.0662 34313.5924 33668.0135 35094.8356 
5.6726 1.0648 34336.6433 33690.3063 35119.3550 
5.6779 1.0634 34359.6838 33712.6064 35143.8963 
5.6833 1.0620 34382.8084 33734.8814 35168.4101 
5.6887 1.0605 34405.7440 33757.1813 35193.0119 
5.6941 1.0591 34428.7127 33779.5093 35217.6076 
5.6995 1.0577 34451.6885 33801.8087 35242.2616 
5.7048 1.0563 34474.7960 33824.0842 35266.8503 
5.7102 1.0549 34497.6579 33846.3627 35291.6323 
5.7156 1.0535 34520.6962 33868.6577 35316.2947 
5.7210 1.0521 34543.5895 33890.9325 35341.0426 
5.7264 1.0507 34566.6316 33913.1699 35365.7361 
5.7318 1.0493 34589.5016 33935.4025 35390.5616 
5.7371 1.0479 34612.5135 33957.6383 35415.3098 
5.7425 1.0465 34635.3826 33979.8576 35440.1746 
5.7479 1.0451 34658.2973 34002.1114 35464.9221 
5.7533 1.0438 34681.1406 34024.3274 35489.8103 
5.7587 1.0424 34704.0289 34046.5354 35514.7129 
5.7640 1.0410 34726.9039 34068.7166 35539.6525 
5.7694 1.0396 34749.6905 34090.8869 35564.7358 
5.7748 1.0382 34772.5469 34113.0957 35589.7141 
5.7802 1.0369 34795.5024 34135.2976 35614.7014 
5.7856 1.0355 34818.3062 34157.5373 35639.7866 
5.7909 1.0341 34841.2980 34179.6848 35664.8325 
5.7963 1.0327 34864.2667 34201.8136 35689.8858 
5.8017 1.0314 34887.1173 34223.9617 35715.1240 
5.8071 1.0300 34910.0756 34246.0845 35740.3399 
5.8125 1.0286 34933.0551 34268.2124 35765.5836 
5.8178 1.0273 34955.9496 34290.3417 35790.8889 
5.8232 1.0259 34978.9966 34312.4291 35816.1993 
5.8286 1.0245 35002.0009 34334.5180 35841.6362 
5.8340 1.0232 35025.0233 34356.5979 35867.1365 
5.8394 1.0218 35048.2409 34378.6351 35892.6131 
5.8447 1.0205 35071.3803 34400.7002 35918.2562 
5.8501 1.0191 35094.5458 34422.7581 35943.9727 
5.8555 1.0178 35117.8698 34444.7951 35969.6622 
5.8609 1.0164 35141.3967 34466.8170 35995.2278 
5.8663 1.0151 35163.7734 34488.6031 36026.0729 
5.8716 1.0137 35187.0120 34510.4791 36052.1999 
5.8770 1.0124 35210.9959 34532.5225 36077.9347 
5.8824 1.0111 35235.0579 34554.5604 36103.7383 
5.8878 1.0097 35259.4577 34576.6431 36129.1411 
5.8932 1.0084 35283.6688 34598.6608 36154.6892 
5.8986 1.0071 35308.0165 34620.7375 36179.8684 
5.9039 1.0057 35332.5023 34642.8242 36204.8836 
5.9093 1.0044 35356.6555 34664.9160 36230.0542 
5.9147 1.0031 35382.5177 34686.6625 36256.3263 
5.9201 1.0017 35406.4152 34708.7450 36281.3465 
5.9255 1.0004 35430.4786 34730.8084 36306.2542 
5.9308 0.9991 35454.7403 34752.9072 36330.9663 
5.9362 0.9978 35478.9931 34775.0390 36355.6372 
5.9416 0.9964 35503.1701 34797.1669 36380.2564 
5.9470 0.9951 35527.2772 34819.2814 36404.9224 
5.9524 0.9938 35551.4393 34841.4691 36429.3942 
5.9577 0.9925 35575.5639 34863.6732 36453.8459 
5.9631 0.9912 35599.5566 34885.7759 36478.4047 
5.9685 0.9899 35623.4455 34907.8306 36503.0271 
5.9739 0.9886 35647.4768 34929.9515 36527.3756 
5.9793 0.9873 35671.3804 34952.0608 36551.8099 
5.9846 0.9860 35695.3028 34974.1956 36576.1141 
5.9900 0.9847 35719.1471 34996.3122 36600.3932 
5.9954 0.9834 35743.0462 35018.4628 36624.6418 
6.0008 0.9821 35766.9117 35040.5973 36648.9385 
6.0062 0.9808 35790.6858 35062.7290 36673.1794 
6.0115 0.9795 35814.4793 35084.8753 36697.3597 
6.0169 0.9782 35838.1754 35106.9451 36721.6659 
6.0223 0.9769 35861.9076 35129.0647 36745.8402 
6.0277 0.9756 35885.7233 35151.2582 36769.8576 
6.0331 0.9743 35909.4342 35173.3466 36794.0497 
6.0384 0.9730 35932.9665 35195.4324 36818.3178 
6.0438 0.9717 35956.6890 35217.5638 36842.4573 
6.0492 0.9704 35980.2310 35239.6718 36866.5223 
6.0546 0.9692 36003.7274 35261.8449 36890.8774 
6.0600 0.9679 36027.3690 35284.0170 36914.9418 
6.0653 0.9666 36051.0626 35306.2365 36938.9757 
6.0707 0.9653 36074.5370 35328.3455 36963.2917 
6.0761 0.9641 36098.0792 35350.5320 36987.3435 
6.0815 0.9628 36121.6418 35372.6039 37011.5366 
6.0869 0.9615 36145.1463 35394.8365 37035.5329 
6.0923 0.9602 36168.7243 35416.9899 37059.5708 
6.0976 0.9590 36192.2418 35439.1026 37083.6715 
6.1030 0.9577 36215.7571 35461.2181 37107.7183 
6.1084 0.9564 36239.1849 35483.3373 37131.7615 
6.1138 0.9552 36262.6360 35505.4583 37155.8290 
6.1192 0.9539 36286.1216 35527.5423 37179.7737 
6.1245 0.9527 36309.4399 35549.6780 37203.8246 
6.1299 0.9514 36332.7813 35571.7763 37227.8014 
6.1353 0.9502 36356.2073 35593.8660 37251.6920 
6.1407 0.9489 36379.5723 35616.0038 37275.6257 
6.1461 0.9477 36402.8685 35638.1171 37299.6126 
6.1514 0.9464 36426.4006 35660.1541 37323.5555 
6.1568 0.9452 36449.6283 35682.2556 37347.5260 
6.1622 0.9439 36472.8329 35704.3201 37371.5636 
6.1676 0.9427 36496.0319 35726.3829 37395.5566 
6.1730 0.9414 36519.2558 35748.4401 37419.4614 
6.1783 0.9402 36542.4073 35770.5746 37443.3757 
6.1837 0.9389 36565.3911 35792.7176 37467.3614 
6.1891 0.9377 36588.4535 35814.8265 37491.3310 
6.1945 0.9365 36611.5556 35836.9327 37515.2066 
6.1999 0.9352 36634.7025 35859.0101 37539.1456 
6.2052 0.9340 36657.6531 35881.1360 37563.1112 
6.2106 0.9328 36680.6769 35903.1535 37587.2793 
6.2160 0.9315 36703.7459 35925.2723 37611.4651 
6.2214 0.9303 36724.0517 35947.8540 37633.5812 
6.2268 0.9291 36747.4016 35969.9347 37657.3623 
6.2321 0.9279 36770.3449 35992.0294 37681.2266 
6.2375 0.9266 36793.2729 36014.1084 37705.1412 
6.2429 0.9254 36816.1944 36036.1725 37728.9788 
6.2483 0.9242 36839.0095 36058.2483 37752.8174 
6.2537 0.9230 36861.7424 36080.3340 37776.7210 
6.2591 0.9218 36884.5970 36102.4185 37800.5232 
6.2644 0.9205 36907.3460 36124.5094 37824.3635 
6.2698 0.9193 36930.0792 36146.5632 37848.2154 
6.2752 0.9181 36952.8670 36168.5969 37872.0990 
6.2806 0.9169 36975.5927 36190.6330 37895.9942 
6.2860 0.9157 36998.3294 36212.6834 37919.7597 
6.2913 0.9145 37017.9326 36234.8891 37942.8775 
6.2967 0.9133 37041.7619 36257.0417 37966.4463 
6.3021 0.9121 37064.3491 36279.1147 37990.3401 
6.3075 0.9109 37086.7946 36301.1944 38014.3024 
6.3129 0.9097 37109.2956 36323.2314 38038.1280 
6.3182 0.9085 37131.5344 36345.2853 38062.3175 
6.3236 0.9073 37153.9893 36367.3287 38086.2346 
6.3290 0.9061 37176.3053 36389.3520 38110.2682 
6.3344 0.9049 37198.7799 36411.5395 38134.1150 
6.3398 0.9037 37221.0956 36433.6110 38158.0789 
6.3451 0.9025 37243.0649 36455.7466 38182.7110 
6.3505 0.9013 37265.0393 36477.8332 38203.4411 
6.3559 0.9001 37287.1196 36499.8492 38227.6133 
6.3613 0.8989 37309.1268 36521.9039 38251.7585 
6.3667 0.8978 37331.1426 36543.9634 38275.9158 
6.3720 0.8966 37352.8840 36565.9722 38300.3409 
6.3774 0.8954 37374.7964 36588.0024 38324.6870 
6.3828 0.8942 37396.6497 36610.0679 38348.9280 
6.3882 0.8930 37418.4971 36632.1619 38373.3070 
6.3936 0.8919 37440.4413 36654.2657 38397.7519 
6.3989 0.8907 37462.2767 36676.5884 38419.4907 
6.4043 0.8895 37483.8252 36698.5323 38444.9492 
6.4097 0.8883 37505.7314 36720.6084 38469.6571 
6.4151 0.8872 37527.5417 36742.6811 38494.6089 
6.4205 0.8860 37549.3603 36764.7296 38519.7432 
6.4258 0.8848 37571.5317 36786.7759 38544.7619 
6.4312 0.8837 37593.6626 36808.7997 38570.1175 
6.4366 0.8825 37615.9381 36830.8269 38595.3582 
6.4420 0.8813 37638.3590 36852.8705 38620.6240 
6.4474 0.8802 37660.8101 36874.9204 38645.8953 
6.4528 0.8790 37683.6286 36896.9072 38670.9864 
6.4581 0.8779 37706.2980 36918.8758 38696.2974 
6.4635 0.8767 37728.8860 36940.8750 38721.7395 
6.4689 0.8755 37751.5535 36962.9497 38747.0976 
6.4743 0.8744 37774.4186 36984.9676 38772.3240 
6.4797 0.8732 37797.6237 37006.9693 38797.2709 
6.4850 0.8721 37820.5692 37028.9490 38822.4594 
6.4904 0.8709 37843.7457 37050.9717 38847.3351 
6.4958 0.8698 37866.8905 37073.0730 38872.2489 
6.5012 0.8686 37890.4111 37095.0291 38896.9876 
6.5066 0.8675 37913.7189 37117.0320 38921.8422 
6.5119 0.8663 37936.7573 37139.0460 38946.8276 
6.5173 0.8652 37959.8331 37161.0653 38971.6912 
6.5227 0.8641 37983.7296 37183.0669 38995.4577 
6.5281 0.8629 38009.4371 37204.7422 39023.6553 
6.5335 0.8618 38031.9802 37226.7016 39048.9091 
6.5388 0.8606 38054.9809 37248.6977 39073.8668 
6.5442 0.8595 38078.3757 37270.6390 39098.5521 
6.5496 0.8584 38101.6600 37292.7069 39123.2484 
6.5550 0.8572 38124.7932 37314.6837 39148.0972 
6.5604 0.8561 38148.0325 37336.6876 39172.8825 
6.5657 0.8550 38171.3980 37358.6959 39197.6207 
6.5711 0.8539 38194.7001 37380.6889 39222.2972 
6.5765 0.8527 38218.0517 37402.6952 39246.9542 
6.5819 0.8516 38241.7250 37424.6529 39271.4118 
6.5873 0.8505 38265.1224 37446.6549 39295.9185 
6.5926 0.8494 38288.3052 37468.6867 39320.5701 
6.5980 0.8482 38311.7035 37490.7171 39345.0491 
6.6034 0.8471 38335.1202 37512.6693 39369.5462 
6.6088 0.8460 38358.3431 37534.6980 39394.2293 
6.6142 0.8449 38382.0091 37556.6734 39418.4466 
6.6195 0.8438 38405.3459 37578.6473 39442.9197 
6.6249 0.8426 38428.8947 37600.6414 39467.2077 
